6414197173870509101755039871565867639440789250782627847720853435599161222430938115386867578989458747
6481722533474151791204558839693028857633627599665733190094581257190965354305142937427723973512917081
7255736760795243959672459686901726104953511884786765751090528450297881364841084249417516080035967845
1007951709992374429067178578441691016587781737821817594850142341607397585470497287166919954067941437
9436625877389774503191763061132127856427301565410506066853628980455790886272928667633517886027539864
5598428211507859818116318167262414616579454459098484795682634704874617725391418860755585078089618156
4264927335787279475781802129405336205274312972361151469380081762027817492831458439086972237040451561
0272870088745616786025040511767313206422824524647421442604429093087050307540873348003552265888520919
5156831034410643127599153397090635016810913553153168376215144249784272707560586495599956161655002848
0969593911581869253174170768692225281253444563031874437650258809402715948394532620096894856369698109
1506437631928105628599667873754663901432873286105168183746687262959725433437691234243141605221702252
0083418359319738200321391097795502142038337930262700817220263497690010265573073118392512519711239037
8150172077475096628932037082556961119759923262928471869782766674206929759045262573645354169029594442
2632142304958712934694929161636637165141930398398162724389907214087122127851233418457120763578602306
3268016243088504065034463865427542487238469807867984582537379270484245745939079073982663116567779784
7504715627948969854343348969268140340711339169383758398897030113198005969049825145944259551236651450
6038906390964444454827585944498129553001226222058244923562193972563327900996676314844524513421636655
9382575481355423923208978764136487046808579133656232082776058180571946725068528304331178840903017545
7203784622564128732705094115135901432917121376283263591710569979219526112381579922206388597906727678
9120924590626375724850549791841100571079881556872710459281938709013684236181997916437452331294297251
7109553984699763566017472602063780142514882599191130029369910591364411956140943959560561037376481626
2111894157739880208814407798470141617358736175818956424415875282618676435255996828946203051558371357
9812128706050406023778237825302663757629740988310539412976827776699599952882406560368247772384799836
2779958585400018500823395791288058968908077220404755068462962097521336273606934628924914297252044196
0991092805684784033056824300119213417195166893459945801730982779018213167243260368156142420299887693
8347223387038192605903031586304597810171418586073315837110567673469427336585344893239533185874755171
0428744312932152171794459764680029714100700844179295989914831087853627168606076717541174650189826883
2713751032109320155592284012203615530701963697474516014080491810428046366655209987354344008190942657
5943242996650078957238227361901891478087257626116656006387270910883150858208274512885898443159197469
6973550977383055643833458972439856192990847977249251694637464920012440062740990048990872898125685707
4196463211271122137586660490267180416628986611726911574027378907777539000587913180997985774369504917
1573952884351041945375059182763791113395686589130416929303487331391910048159938283473773652431166294
9108430951627811328938560223952266375745578778838515053946475602594128737906333896628404266584521909
8232711007523288695769186951580578181915649293238330094146102596667546696058149185494121394992931009
0814360775892139086916409617235616556130805755986498161578388423872989159667869221776288551420782049
2446102883214396154355895399109944927547894289480314565934665687976837720756157221177525117992358547
0194832247474049774868881687701359078464205792364158661741210870552253226109509710813416245956253236
8820715479505013670188140345738877305855882496189962484470567903326973206631624868880642512772258579
2278540061132152572080875304640054426875283252828126951652231215252071560471315352926623302921246411
1379218767764031332185194104244993772302443789612011479997951461838480391458152392071512726637659648
3257050673808811874805408046407332247336795106394090140566407128878892062534179562646296302620213933
4253178546058037119465786020658228763791888799544725141143658687369248419147064947821976967767780505
2280940556223302043478169882854112647888447313880873482515060006576498181430236125310957960543207293
4004206026256352255555319297039811088656632105014273501533793429501345022257388758667557704371706071
9989056504232481653534639657051650169443898583847595602695102972003138551442182238601489192313763139
3192140676747774374012613443927557183002957996972766468516406402453655914796287850492307528466590083
0073730723754837822598356936960157450862049420522727530161913520846508430228137446472653991942847485
1305173060893130492132144423649133294070526779873867089780741630317179564734109967136341219946264016
8577394232046523032241059563793036072011456053505679237777306610900147331479834905066722736851148589
2809374998554707802607031729586305142017864645341591274220260710578991560558944702221887779377984282
2353855818550133375455134431624493361806795385912610168504433045744730608128475022565473320552291352
6692950265706878428003886466517986619427760758233909592908824321493099839222946313265636428990544872
7078737280825635151253041746584927386630070880237021242123182636920745441773800623045488928731176280
8200915925639590618113006239587795578156230258788060588033972727889115846533933450116521396978787454
1518054569123087966336134847124408043839464496868865333705185803957451386433304141253202646376527241
0523725651810269740792334525206479387872554360207624844864231433486700266638008103456784462212614824
4613441121320552944913156976753612254686880374491065035814489008653337013849011948758368895133678175
9991353803398270039203237913165939052571862475496477669373822580546010039050604843537745538622239626
3771654577135257156698537128950198768586495823335776411657080679660415745655933964290485036995674320
5318207516089891550481805132027707073955468271723086931582120358906474227935561640659288847580914481
8452839031605686690187430116158947299924399283652553300367076064729318605816465940837079085370494665
0797697973842448805023931430274388405921158816334852006118437104450990543311775043755934769364924392
1584029333610846253356099261891987512793651634479961679032917499182977234704893805059274777337353902
0264204909819126047132759477549114417807645792489921010290907968781507214522358645377700224588793922
7542384602110040944030305933764686594607113678746495269553636004442098694349226209830321362432725531
3318749898398052889050978718028604116558732900880883297242795808636851253870084513568406551687780824
1217950974866320494896072054158143704872293146229379180341750618808852083280249539251676495590274952
2637912928693716769778891478179441284595656767234611163922758670671362315951984118299445739023618933
6849635540996488623746390989944002103513711919613991457581692098899350739196794634145135096176314534
9286241994085527148397691602363079735208941710644930778683789792091098207159553499706074649553740535
0043821488174315579427112715389873882263466848413031839214443649456001969403998387163498065893577746
3983575515177999148706119245861050398196957055386111568721052575192550868420753032604977177189886246
2873342364378985059182248883098639739352447623508517761218829141157138443945202890025608490551170031
6182384516938990775064719490952263153603991932853942137567790246613810953162585630255796806303908972
3486551915857696267434609859884365085458019899845243726027790694358287556512280040001085608339010198
7190722129941347252747905830742197524098666847985687277164887090002235743865311994880782821308461281
3277140751933426265135154454932086062719563101355100655096229923533699348083820919233832086113834600
5801029857775860092850462884205360332559373482797914722548216783979966951629277937991439919091701985
2845495049450858968217979382328226834557727006742633451167325107230503314096796323726068435704131423
5521682584907423363922161129490914514784858258056132358145188300675262318214518735692100491055472148
2530549710659820919922729042165486062508915654380435484635629324186916873099888517013198537798933291
6794506029955058105182900589274934617046748370951496836784498550798819870743743284555439639144399290
4617301299369321369835039379705870136987116028299360248651521728569551942747545265956609779764745688
2663007004579926309467224063322857923758859882897404493418602415061142293535686383790997421466637951
1929076216324976546401316509544441725021386080365066904323938101814262180247031791931256692972552120
2787791678739322190343228031952437251512196140190794511251735392188662451049460940835574741506011881
5597367534859170990428769634575514138708275646102321159012341720434263173872822761783927743362335288
0754186121384232579442178696334432809968728660128640146690695571169703477210213106263845016781299737
2970755529467073737744508704667598084053213681326665604305161694605056299714175543992809721551613313
0756931514961129845618779851475285436189848917005057489085427040377225398998153815316207551049917154
2460537921079774554298341203597444228268098919861403510375663044016734423313333405925088652591509190
2159571995718424656858173716793245672582806493773547605537292823493758887157712274944520300496404118
9081670158945815777261323381209131918251400223839269515875892518931851984826670281088054428959523831
0369585044673073146850707785640616376704045609584572975346721358427122372584717374267864339884997446
0095623179890815505231198510001055945523625390891827621075625452145676425272632408761079528349210936
6896808984848347336564071427590055764428285578115975770025025269061545997902065359800943454597486095
4182342491027679058946217313483940351067359845257136433264560441918251313108332843923222116172456149
8783593888729432541687947238671876268200834020103750129632366548822970692036846027692760136642710576
6403343569610692312571453331466602139243092254656500898333060985163384575580573897895619276917051221
1065397139291758725379511054026885738429009092488737730463947069427190960870019397724206324518600089
7761993499888700593406709824579896743291052584462642831161433618653198366436094375767824904659520548
9263947803261725935012449213145717880710111154729668324982041031920482873865659334920520293941905501
3904129541057919050785341341693215409468412392673644920555327569039035852441982489275759414772294650
1924292093402148071298994412758823159410969521217104518903674537650136285728233152333698687865155533
7361202366499339459356744949246300836720837009246510395074642926265858358359692807556878645403869577
0888995712841529291475195797127991880656610471649830706240960201777787758833193994351568955041407364
3762909408523754510606253000349399711514409942950379297135133075252993497753712611238345373141568715
6514975884377906491840325147780216590244669587007841555483974866021280107203583176045412563979084131
2933412140382941989187918940125759608274268356435753301962486801773328105361877552687454628214549146
0247829176017315681373753548569881564914561697211667493250177139524656162467655220451242981561948799
3896403055510890068003071191861683543413935905636179284736316590987688743869560871404072715868434021
4992765639575575275031201742020942585470019895400048284788193446474238746732508341052626464286209445
3352266911371509482075657702175003958723357827932504815957076041456494734414574550898247137481208007
9177945756186465902375628962842934959473158518206522287715746917027569312919011055384227114058528601
0942167485893209014264796386873108517345282289116427305795191140450882885939040283514984365903798195
6588275001897852717977810534952507144042138599777111684164582948755245117916330353237860655989157783
1942451613499604475191693621968540189493241147591581509957949240135998944675998098295005707672379305
5228542326102601248662421359474272520758624686300290208053991868886951181502849961500020042921953036
4262359577696614882828563087635705854343527999760962507208234912460444526345572798339965999367966968
8161776457518974824053530590893375719700203198457186944086926814033178130784253540006367309391122843
9415548376304491309685933889334807053537100789694726767636141558617841213406660552689552320601087752
6864751315305748090750780032898813349763504590601652308676647679366339894664597917857312424081043727
2254328053354318688723966333915175751528497920320518685122917225886369933560237053757771980459727961
9510481382049141627760553895086821986353058965526717679515005963836297147888163808322684300984991122
9407814968525373653021215715970761126564601953722130446996908525218655659529290352674965446770194867
9555635426870375271211346090456764866552809199856363179184896660103560301068479682043110453094385755
3821856561979280741927576919865236720849461241180248458435212673057174678417843386590756125101268111
4976407471556060639940817558834642479703922185806652004696602627422977443151846299602274302898260393
4244019587829863557792379477281924093265973081901710725501109640433349119149689017499796829633608188
9777927653266319712294217131861555856719970853016767892453289022828057514908521733658227231711278226
4949365169034442261478738894572051328829070993930384778499683467312258486438700636692016527031559615
7983347512770714415914111080525049909201311706975481838930550700163611577002862096739321686543712060
2641057415273715127208333961332010898292456726096546514867322105653712000431671687133525634199453347
8578223435318244755400172622173206501704785784872270016062962721181987117488474835759938214235735101
2052949093029277772767223153739003438180675373786521270984865644111521535921912938750870447574370463
7119814761047236738951222210236550451507185363985334617737791752495151889383365444817575215599779247
4045452754649228284523668419252472906881538937248950094695771394554424105514386973922293168797585987
2413666749325804637320967931616693260490862607933086099321352126447046583412786845891504795715633801
8157238324030273004531225178131371216432704468180487466594325383951311536923881659135665326439168792
2732854916386351357809926062738870647183500849305785711061560696305689918869924611436283454172042885
3128224694731754276241639183466079699403213386593978476669473189632531783290425921119578673419625446
8825940961077755776568146980917236652490901689580056236234738629448477781021984279399316361576021992
5109126605291614090531373164429860720178238980700104664488687384108082722070155088004139851320709371
2317083076247144283939175770669334391582622756604958785823750051086921016030144480156779180151598855
5457959921781025230526616837914962917698470457182055498267791480642042633580839324910667766179127551
5900248653898899342718119687734877485935812868979576639331488444889337555620769830563353304154808586
7016971865763553761900498766641576002534192286317284838990607342153406945864028688352038653720567659
7541552194643649064308018011172829002088946471107872518614298447302895394742227363851762903436460721
5008210994976330199813499967574824359413765590900911872280781437671847776171982408482986038827368716
8240489425054872687057204577130326367067387729666519224942093204041512052832605983640626118552315794
1716593623819832317438374154543502436463952905059238522783437065067041892678059009677391363389584596
6773946218621944520235400914093335102623793130862606244948268355678960612092774089504910380774228871
0465324657709090740412333644144392708180358280957229473617664499022351381774212386620794812711075837
4367570877232908744152283573757295220051557534905858746474777820127318014421116064694292739482096476
1700755273071567667421497954938338836821809072873285000743408362844091025205702440622475464128856581
7867105705054346064860181702662429735348472510037526376178076445041480808534943879070997352133274757
8813432913657189968239612065228037735331103532734881387997271561748846781138696125171752614536878642
8783076438837780504573446619890630648557001242705466282147682013747835646682394436422730958404010715
3177899676292003755496984767333143089468503866963961895512689549167500069854122496136677466829168759
7525364741550134992870897337794422427257369419133424993117801146438559808401576958413693126295168663
4552229067992984530395443617660552186144548070526126384296467422351842611112834312458339722462657974
3223628013548853661412032425061492486742798808312481735135559984168392485942239557409388427950518987
2493943052740477053747102148281788940863356381043934111484666394220266434024001778807897790524167880
9676950183214897130447057698542718746821542402820573092082185262825326857931463554438258231187492329
3668984331286252870904791046350954151095136872490117213737638721966008604105026614502370984478822813
8696320039531217104456260012344462762272035234147625520826313822924107172727541663611784336826820004
9581650070655058519237378930858877675256788354398611497981678598124698203389581908258116163504788260
5359783091320030267484834336425659289093028748979185673930164321917572934438916892976689021791682479
8641698616598124230709974703687807184586418299143835826583269342568497310289000419052660299761421686
0908274580331714162450338749882918910972484049316196427237051308336856817375463280817897419481753635
6039177083290650068238880490777398157575892681375756635360722588133223421112647687626864382974328807
2926555721941884219678954654461853503786547553012117585448073138889943175227946568139528180163926808
9732533744004675661898325511792325036004720529603082462196776032397034255271046961165245807480634561
2313415370721616971694139493346401679281796290159224806564731153600932632239788457023586087316720000
9207755835940531617694533352460588398532057309572275728601039286113042655157074120195623729216997676
1524971086318908005957785709439530157437293118227047848388729536993386484578821835534431807492554288
3382323999447661661361658650076808395374928216598869373195717562908331985866500327461034634289904169
2315290533711351494104616663493014622381766330989036211982730468877389097948872016972040872296603158
3566750630960880619162331275824159159928733843963963001181395465462198974322669003603870095506759710
3005934377860719522684276765648598356956152180911285739431021691737174645719668851747126890295247230
4197433970096002152100233077119573136498270487976882398371835955538026459146397847858032260107078343
2319752215560451901884226058939696614462577224213873535982988512612159106947400456471131803670909453
7353260425555695231843823748478637996887814235576905042956959787644493005086888972187588764442879373
8308230057139989326287499353175753262164703754821285955371203207078025369364652425317804138542529530
0453909531152245057261640170470129204034510957132142983793443344574950912484867223707140517129881963
1305064095490799157636203183714162465710952328909262734526602101446431527754617252928030559207290433
7755754071742026721720118571051219143522015259484746066182282407647504228590098088853816527279204608
3352551259497132059292435397307642669558918778309783279776523917976637672892363517172002950308600208
5177672916155862057154952998060640555378337488751748153836982808449430133757252547715668809011395237
7627931230531822830704465947869438884933844993579813170398529485299769438354825209891291653284772004
2163035048216595082241070625774408747211493708558764780827649766567222801828182024947007549520872865
9461021644178316033664994479499535103205000829672648453506404157290236639801820419873150086338204716
7243368007126418985840570045092789765965942595774234380862589806224202217763993947501617924679507151
5380340935416765257944115830894978387947215355782318969914562550538960986231758684017957097102809810
7703014630648173226726968638117659484658827442038543499442555628673194080229534755341679239945122676
6597112857673200252793566938663684689259850831265831664281059382249533690355223118006319871515440240
8593855679749129072964291739470128431295401172960991521078149941600072139949622012137320697281387934
0115449032905461805449381848557401433617552668092945502937604334218673973610224177013818677202193705
7622436247972686049088546863829131372686004774798472547787556709188785940048393579278941358579481364
9481653643766289402976501266747199826315383843857722674728856567670131877944762970150019364205807855
